{
 "cells": [
  {
   "cell_type": "markdown",
   "metadata": {
    "colab_type": "text",
    "id": "BHdMfFcnf_Ki"
   },
   "source": [
    "## Logistic Regression Modeling for Early Stage Diabetes Risk Prediction"
   ]
  },
  {
   "cell_type": "markdown",
   "metadata": {},
   "source": [
    "## Part 2.1: Getting familiar with linear algebraic functions"
   ]
  },
  {
   "cell_type": "markdown",
   "metadata": {},
   "source": [
    "#### Tasks\n",
    "- Create matrix of size 10*10 with random integer numbers\n",
    "- Compute the following linear algebric operations on the matrix using built in functions supported in Numpy, Scipy etc.\n",
    "  - Find inverse of the matrix and print it\n",
    "  - Calculate dot product of the matrix with same matrix in transpose A.AT\n",
    "  - Decompose the original matrix using eigen decomposition print the eigen values and eigen vectors\n",
    "  - Calculate jacobian matrix \n",
    "  - Calculate hessian matrix"
   ]
  },
  {
   "cell_type": "code",
   "execution_count": 1,
   "metadata": {},
   "outputs": [],
   "source": [
    "import numpy as np\n",
    "import pandas as pd\n"
   ]
  },
  {
   "cell_type": "markdown",
   "metadata": {},
   "source": [
    "### Random Matrix"
   ]
  },
  {
   "cell_type": "code",
   "execution_count": 2,
   "metadata": {},
   "outputs": [
    {
     "data": {
      "text/plain": [
       "array([[38, 74, 31, 44, 34, 30, 43,  4, 45,  8],\n",
       "       [20, 35, 46, 34, 13, 58, 19, 11, 48, 70],\n",
       "       [28, 25, 33, 44, 42, 23, 28,  8, 21, 24],\n",
       "       [67, 75, 68,  2, 37, 51, 61, 40,  4, 20],\n",
       "       [42, 33, 18,  0, 64,  6, 16,  8, 40, 33],\n",
       "       [62,  8, 46, 64, 45, 60, 70, 10,  7, 24],\n",
       "       [59, 63, 31, 41, 54, 76, 24,  1, 43, 62],\n",
       "       [12, 44, 40, 68, 33, 76, 41, 33, 14,  7],\n",
       "       [52, 36, 20,  3, 72, 49, 47, 35,  2, 36],\n",
       "       [53, 42, 12, 74, 36,  1, 69, 60, 39, 74]])"
      ]
     },
     "execution_count": 2,
     "metadata": {},
     "output_type": "execute_result"
    }
   ],
   "source": [
    "matrix = np.random.randint(77, size=(10, 10))\n",
    "matrix"
   ]
  },
  {
   "cell_type": "markdown",
   "metadata": {},
   "source": [
    "### Linear Algebric operations"
   ]
  },
  {
   "cell_type": "markdown",
   "metadata": {},
   "source": [
    "#### Inverse Of A Matrix"
   ]
  },
  {
   "cell_type": "code",
   "execution_count": 3,
   "metadata": {},
   "outputs": [
    {
     "data": {
      "text/plain": [
       "array([[-2.15969691e-02, -2.09212714e-02, -3.06083905e-02,\n",
       "         1.47013044e-02,  2.73559382e-02,  1.37758839e-02,\n",
       "         2.30845957e-02,  9.86124007e-03, -3.44262993e-02,\n",
       "         7.88575705e-03],\n",
       "       [ 1.31517622e-02, -2.41005155e-03,  2.23008588e-02,\n",
       "         1.84076954e-03, -2.33924445e-02, -1.62463823e-02,\n",
       "         5.34004000e-03, -9.67398215e-03,  1.19075832e-02,\n",
       "        -5.23246611e-04],\n",
       "       [-8.71693725e-03,  6.05329610e-03,  2.29340915e-02,\n",
       "         1.11073054e-02,  3.63622570e-03, -1.37841626e-03,\n",
       "        -7.77334221e-03, -6.23277189e-04, -9.78454207e-03,\n",
       "        -5.06647727e-03],\n",
       "       [-7.03190790e-03, -1.07574045e-02,  1.52645261e-02,\n",
       "         1.29857133e-05, -3.85852032e-03, -1.54696522e-03,\n",
       "         1.01050637e-02,  5.26387963e-03, -1.17115897e-02,\n",
       "         4.93756345e-03],\n",
       "       [ 1.67862639e-03, -1.38371728e-03,  2.24168075e-02,\n",
       "        -6.98608367e-03, -2.18655781e-04, -5.96710160e-03,\n",
       "        -5.11939744e-03, -1.24927030e-03,  1.46716201e-02,\n",
       "        -4.95209752e-03],\n",
       "       [-1.99697810e-03,  2.63486237e-03, -2.50269677e-02,\n",
       "        -2.73470489e-03,  5.72984315e-03,  6.66473905e-03,\n",
       "         4.68413783e-03,  1.07093014e-02,  4.34675977e-04,\n",
       "        -3.28637527e-03],\n",
       "       [ 3.23922063e-02,  1.97721090e-02,  2.24154608e-03,\n",
       "        -1.33500600e-02, -2.46631990e-02,  6.19750144e-03,\n",
       "        -2.54554399e-02, -1.94670007e-02,  3.47975251e-02,\n",
       "        -4.09513880e-03],\n",
       "       [-2.36592751e-02, -9.14036717e-03, -3.17526276e-02,\n",
       "         1.10068148e-02,  3.16830483e-02,  7.99236757e-04,\n",
       "         2.41721727e-03,  2.74362253e-02, -2.26236015e-02,\n",
       "         1.05247702e-02],\n",
       "       [ 2.31903975e-03,  7.04850042e-03, -4.60338477e-02,\n",
       "        -3.40180517e-03,  3.83381394e-02,  1.33069578e-02,\n",
       "        -7.94255267e-03,  1.61906864e-02, -1.84290864e-02,\n",
       "         1.60710930e-03],\n",
       "       [ 3.41686388e-03,  1.20255660e-02,  2.76305072e-02,\n",
       "        -4.63622551e-03, -2.59155959e-02, -9.50215692e-03,\n",
       "        -2.01866864e-05, -1.88987709e-02,  1.96629154e-02,\n",
       "         9.38003416e-04]])"
      ]
     },
     "execution_count": 3,
     "metadata": {},
     "output_type": "execute_result"
    }
   ],
   "source": [
    "np.linalg.inv(matrix)"
   ]
  },
  {
   "cell_type": "markdown",
   "metadata": {},
   "source": [
    "#### Dot Product"
   ]
  },
  {
   "cell_type": "code",
   "execution_count": 4,
   "metadata": {},
   "outputs": [
    {
     "data": {
      "text/plain": [
       "array([[15827, 12035, 10364, 16203,  9736, 14077, 17252, 13927, 11849,\n",
       "        15558],\n",
       "       [12035, 16116,  9637, 13791,  8625, 13333, 18186, 13073, 10994,\n",
       "        15147],\n",
       "       [10364,  9637,  8592, 11402,  7565, 12303, 13141, 10756,  9801,\n",
       "        12728],\n",
       "       [16203, 13791, 11402, 24449, 11303, 17913, 19658, 16074, 17708,\n",
       "        17293],\n",
       "       [ 9736,  8625,  7565, 11303, 10318,  9208, 13185,  6955, 10934,\n",
       "        11724],\n",
       "       [14077, 13333, 12303, 17913,  9208, 21370, 18681, 16799, 15322,\n",
       "        18069],\n",
       "       [17252, 18186, 13141, 19658, 13185, 18681, 25054, 17119, 17172,\n",
       "        19180],\n",
       "       [13927, 13073, 10756, 16074,  6955, 16799, 17119, 18184, 12674,\n",
       "        15133],\n",
       "       [11849, 10994,  9801, 17708, 10934, 15322, 17172, 12674, 16728,\n",
       "        15456],\n",
       "       [15558, 15147, 12728, 17293, 11724, 18069, 19180, 15133, 15456,\n",
       "        26848]])"
      ]
     },
     "execution_count": 4,
     "metadata": {},
     "output_type": "execute_result"
    }
   ],
   "source": [
    "np.dot(matrix,matrix.transpose())"
   ]
  },
  {
   "cell_type": "markdown",
   "metadata": {},
   "source": [
    "#### Eigen Values and Vectore "
   ]
  },
  {
   "cell_type": "code",
   "execution_count": 5,
   "metadata": {},
   "outputs": [
    {
     "name": "stdout",
     "output_type": "stream",
     "text": [
      "Eigenvalues of the said matrix [369.73928689 +0.j         -80.02112041 +0.j\n",
      " -22.5488239 +55.91626632j -22.5488239 -55.91626632j\n",
      "  50.21112081+36.64714768j  50.21112081-36.64714768j\n",
      " -20.34311025 +8.57723089j -20.34311025 -8.57723089j\n",
      "  37.22068726 +0.j          23.42277292 +0.j        ]\n",
      "Eigenvectors of the said matrix [[ 0.28995015+0.j          0.30052732+0.j          0.48809958+0.j\n",
      "   0.48809958-0.j         -0.02320314+0.09570962j -0.02320314-0.09570962j\n",
      "  -0.54788851-0.11369043j -0.54788851+0.11369043j  0.07482825+0.j\n",
      "   0.20354012+0.j        ]\n",
      " [ 0.3088306 +0.j          0.07748364+0.j         -0.32093262+0.35114473j\n",
      "  -0.32093262-0.35114473j -0.04149907-0.26195212j -0.04149907+0.26195212j\n",
      "   0.13785459+0.1282505j   0.13785459-0.1282505j   0.3351533 +0.j\n",
      "  -0.10682346+0.j        ]\n",
      " [ 0.22715311+0.j          0.2057415 +0.j         -0.0343985 -0.08994507j\n",
      "  -0.0343985 +0.08994507j -0.02701035+0.09796396j -0.02701035-0.09796396j\n",
      "  -0.01028797-0.06707166j -0.01028797+0.06707166j -0.2300637 +0.j\n",
      "  -0.60446429+0.j        ]\n",
      " [ 0.34756607+0.j         -0.70670298+0.j          0.30294347+0.07507122j\n",
      "   0.30294347-0.07507122j  0.14625737+0.0041025j   0.14625737-0.0041025j\n",
      "  -0.14548653+0.03829983j -0.14548653-0.03829983j  0.04619134+0.j\n",
      "  -0.22913276+0.j        ]\n",
      " [ 0.20327557+0.j         -0.07047093+0.j         -0.01836375-0.02067808j\n",
      "  -0.01836375+0.02067808j -0.3034227 +0.17987309j -0.3034227 -0.17987309j\n",
      "   0.11022482+0.11302562j  0.11022482-0.11302562j -0.50018827+0.j\n",
      "  -0.25230936+0.j        ]\n",
      " [ 0.33590154+0.j          0.08683778+0.j         -0.21391303-0.23580853j\n",
      "  -0.21391303+0.23580853j  0.23879452+0.2865147j   0.23879452-0.2865147j\n",
      "  -0.05966379+0.01099636j -0.05966379-0.01099636j -0.06161875+0.j\n",
      "   0.40895584+0.j        ]\n",
      " [ 0.38308262+0.j          0.04425229+0.j         -0.20615328+0.20073776j\n",
      "  -0.20615328-0.20073776j -0.1162333 +0.01575372j -0.1162333 -0.01575372j\n",
      "   0.64347737+0.j          0.64347737-0.j          0.27279036+0.j\n",
      "   0.4180522 +0.j        ]\n",
      " [ 0.31075702+0.j          0.28254664+0.j          0.17777221+0.09869875j\n",
      "   0.17777221-0.09869875j  0.54939321+0.j          0.54939321-0.j\n",
      "  -0.2541156 -0.15531911j -0.2541156 +0.15531911j -0.40241972+0.j\n",
      "  -0.1293486 +0.j        ]\n",
      " [ 0.28950707+0.j         -0.47487481+0.j         -0.05812995+0.06806029j\n",
      "  -0.05812995-0.06806029j  0.01401384+0.11834854j  0.01401384-0.11834854j\n",
      "   0.02077649-0.26462215j  0.02077649+0.26462215j -0.32987048+0.j\n",
      "   0.3023211 +0.j        ]\n",
      " [ 0.4084905 +0.j          0.20522438+0.j         -0.0321115 -0.43984508j\n",
      "  -0.0321115 +0.43984508j -0.12444008-0.52859544j -0.12444008+0.52859544j\n",
      "  -0.01074672+0.14921131j -0.01074672-0.14921131j  0.47734069+0.j\n",
      "  -0.12441713+0.j        ]]\n"
     ]
    }
   ],
   "source": [
    "values, vectors = np.linalg.eig(matrix) \n",
    "print( \"Eigenvalues of the said matrix\",values)\n",
    "print( \"Eigenvectors of the said matrix\",vectors)"
   ]
  },
  {
   "cell_type": "markdown",
   "metadata": {},
   "source": [
    "#### Jacobian Matrix "
   ]
  },
  {
   "cell_type": "code",
   "execution_count": 6,
   "metadata": {},
   "outputs": [
    {
     "data": {
      "text/latex": [
       "$\\displaystyle \\left[\\begin{matrix}5 & 11\\\\3 & -3\\end{matrix}\\right]$"
      ],
      "text/plain": [
       "Matrix([\n",
       "[5, 11],\n",
       "[3, -3]])"
      ]
     },
     "execution_count": 6,
     "metadata": {},
     "output_type": "execute_result"
    }
   ],
   "source": [
    "import sympy as sym\n",
    "\n",
    "def Jacobian(v_str, f_list):\n",
    "    vars = sym.symbols(v_str)\n",
    "    f = sym.sympify(f_list)\n",
    "    J = sym.zeros(len(f),len(vars))\n",
    "    for i, fi in enumerate(f):\n",
    "        for j, s in enumerate(vars):\n",
    "            J[i,j] = sym.diff(fi, s)\n",
    "    return J\n",
    "\n",
    "Jacobian('u1 u2', ['5*u1 + 11*u2','3*u1 - 3*u2'])"
   ]
  },
  {
   "cell_type": "code",
   "execution_count": 7,
   "metadata": {},
   "outputs": [],
   "source": [
    "def cost(x):\n",
    "    y = x**3\n",
    "    return y\n",
    "    "
   ]
  },
  {
   "cell_type": "code",
   "execution_count": 8,
   "metadata": {},
   "outputs": [
    {
     "data": {
      "text/plain": [
       "<function autograd.wrap_util.unary_to_nary.<locals>.nary_operator.<locals>.nary_f(*args, **kwargs)>"
      ]
     },
     "execution_count": 8,
     "metadata": {},
     "output_type": "execute_result"
    }
   ],
   "source": [
    "import autograd\n",
    "jac = autograd.jacobian(cost)\n",
    "jac"
   ]
  },
  {
   "cell_type": "markdown",
   "metadata": {},
   "source": [
    "#### Hessian Matix"
   ]
  },
  {
   "cell_type": "code",
   "execution_count": 9,
   "metadata": {},
   "outputs": [
    {
     "data": {
      "text/plain": [
       "<function autograd.wrap_util.unary_to_nary.<locals>.nary_operator.<locals>.nary_f(*args, **kwargs)>"
      ]
     },
     "execution_count": 9,
     "metadata": {},
     "output_type": "execute_result"
    }
   ],
   "source": [
    "hes=autograd.hessian(cost)\n",
    "hes"
   ]
  },
  {
   "cell_type": "markdown",
   "metadata": {},
   "source": [
    "## Part 2.2: Logistic Regression using newton method"
   ]
  },
  {
   "cell_type": "markdown",
   "metadata": {
    "colab_type": "text",
    "id": "1LWrifqkf_Kj"
   },
   "source": [
    "### Logistic regression\n",
    "Logistic regression uses an equation as the representation, very much like linear regression.\n",
    "\n",
    "Input values (x) are combined linearly using weights or coefficient values (referred to as W) to predict an output value (y). A key difference from linear regression is that the output value being modeled is a binary values (0 or 1) rather than a continuous value.<br>\n",
    "\n",
    "###  $\\hat{y}(w, x) = \\frac{1}{1+exp^{-(w_0 + w_1 * x_1 + ... + w_p * x_p)}}$\n",
    "\n",
    "#### Dataset\n",
    "The dataset is available at <strong>\"data/diabetes_data.csv\"</strong> in the respective challenge's repo.<br>\n",
    "<strong>Original Source:</strong> http://archive.ics.uci.edu/ml/machine-learning-databases/00529/diabetes_data_upload.csv. The dataset just got released in July 2020.<br><br>\n",
    "\n",
    "#### Features (X)\n",
    "\n",
    "1. Age                - Values ranging from 16-90\n",
    "2. Gender             - Binary value (Male/Female)\n",
    "3. Polyuria           - Binary value (Yes/No)\n",
    "4. Polydipsia         - Binary value (Yes/No)\n",
    "5. sudden weight loss - Binary value (Yes/No)\n",
    "6. weakness           - Binary value (Yes/No)\n",
    "7. Polyphagia         - Binary value (Yes/No)\n",
    "8. Genital thrush     - Binary value (Yes/No)\n",
    "9. visual blurring    - Binary value (Yes/No)\n",
    "10. Itching           - Binary value (Yes/No)\n",
    "11. Irritability      - Binary value (Yes/No)\n",
    "12. delayed healing   - Binary value (Yes/No)\n",
    "13. partial paresis   - Binary value (Yes/No)\n",
    "14. muscle stiffness  - Binary value (Yes/No)\n",
    "15. Alopecia          - Binary value (Yes/No)\n",
    "16. Obesity           - Binary value (Yes/No)\n",
    "\n",
    "#### Output/Target target (Y) \n",
    "17. class - Binary class (Positive/Negative)\n",
    "\n",
    "#### Objective\n",
    "To learn logistic regression and practice handling of both numerical and categorical features\n",
    "\n",
    "#### Tasks\n",
    "- Download, load the data and print first 5 and last 5 rows\n",
    "- Transform categorical features into numerical features. Use label encoding or any other suitable preprocessing technique\n",
    "- Since the age feature is in larger range, age column can be normalized into smaller scale (like 0 to 1) using different methods such as scaling, standardizing or any other suitable preprocessing technique (Example - sklearn.preprocessing.MinMaxScaler class)\n",
    "- Define X matrix (independent features) and y vector (target feature)\n",
    "- Split the dataset into 60% for training and rest 40% for testing (sklearn.model_selection.train_test_split function)\n",
    "- Train Logistic Regression Model on the training set (sklearn.linear_model.LogisticRegression class)\n",
    "- Use the trained model to predict on testing set\n",
    "- Print 'Accuracy' obtained on the testing dataset i.e. (sklearn.metrics.accuracy_score function)\n",
    "\n",
    "#### Further fun (will not be evaluated)\n",
    "- Plot loss curve (Loss vs number of iterations)\n",
    "- Preprocess data with different feature scaling methods (i.e. scaling, normalization, standardization, etc) and observe accuracies on both X_train and X_test\n",
    "- Training model on different train-test splits such as 60-40, 50-50, 70-30, 80-20, 90-10, 95-5 etc. and observe accuracies on both X_train and X_test\n",
    "- Shuffling of training samples with different *random seed values* in the train_test_split function. Check the model error for the testing data for each setup.\n",
    "- Print other classification metrics such as:\n",
    "    - classification report (sklearn.metrics.classification_report),\n",
    "    - confusion matrix (sklearn.metrics.confusion_matrix),\n",
    "    - precision, recall and f1 scores (sklearn.metrics.precision_recall_fscore_support)\n",
    "\n",
    "#### Helpful links\n",
    "- Scikit-learn documentation for logistic regression: https://scikit-learn.org/stable/modules/generated/sklearn.linear_model.LogisticRegression.html\n",
    "- How Logistic Regression works: https://machinelearningmastery.com/logistic-regression-for-machine-learning/\n",
    "- Feature Scaling: https://scikit-learn.org/stable/modules/preprocessing.html\n",
    "- Training testing splitting: https://scikit-learn.org/stable/modules/generated/sklearn.model_selection.train_test_split.html\n",
    "- Classification metrics in sklearn: https://scikit-learn.org/stable/modules/classes.html#module-sklearn.metrics\n",
    "- Use slack for doubts: https://join.slack.com/t/deepconnectai/shared_invite/zt-givlfnf6-~cn3SQ43k0BGDrG9_YOn4g"
   ]
  },
  {
   "cell_type": "code",
   "execution_count": 2,
   "metadata": {
    "colab": {},
    "colab_type": "code",
    "id": "-i4VgviHf_Kk"
   },
   "outputs": [],
   "source": [
    "import numpy as np\n",
    "import pandas as pd\n",
    "from sklearn.preprocessing import LabelEncoder\n",
    "from sklearn import preprocessing\n",
    "from sklearn.model_selection import train_test_split\n",
    "from sklearn.linear_model import LogisticRegression\n",
    "from sklearn.metrics import accuracy_score\n",
    "import matplotlib.pyplot as plt"
   ]
  },
  {
   "cell_type": "code",
   "execution_count": 3,
   "metadata": {
    "colab": {},
    "colab_type": "code",
    "id": "ooYDzG4SnErt"
   },
   "outputs": [
    {
     "name": "stderr",
     "output_type": "stream",
     "text": [
      "'wget' is not recognized as an internal or external command,\n",
      "operable program or batch file.\n"
     ]
    }
   ],
   "source": [
    "# Download the dataset from the source\n",
    "!wget _URL_"
   ]
  },
  {
   "cell_type": "code",
   "execution_count": 4,
   "metadata": {
    "colab": {},
    "colab_type": "code",
    "id": "XqZrgW_if_Kq"
   },
   "outputs": [
    {
     "data": {
      "text/html": [
       "<div>\n",
       "<style scoped>\n",
       "    .dataframe tbody tr th:only-of-type {\n",
       "        vertical-align: middle;\n",
       "    }\n",
       "\n",
       "    .dataframe tbody tr th {\n",
       "        vertical-align: top;\n",
       "    }\n",
       "\n",
       "    .dataframe thead th {\n",
       "        text-align: right;\n",
       "    }\n",
       "</style>\n",
       "<table border=\"1\" class=\"dataframe\">\n",
       "  <thead>\n",
       "    <tr style=\"text-align: right;\">\n",
       "      <th></th>\n",
       "      <th>Age</th>\n",
       "      <th>Gender</th>\n",
       "      <th>Polyuria</th>\n",
       "      <th>Polydipsia</th>\n",
       "      <th>sudden weight loss</th>\n",
       "      <th>weakness</th>\n",
       "      <th>Polyphagia</th>\n",
       "      <th>Genital thrush</th>\n",
       "      <th>visual blurring</th>\n",
       "      <th>Itching</th>\n",
       "      <th>Irritability</th>\n",
       "      <th>delayed healing</th>\n",
       "      <th>partial paresis</th>\n",
       "      <th>muscle stiffness</th>\n",
       "      <th>Alopecia</th>\n",
       "      <th>Obesity</th>\n",
       "      <th>class</th>\n",
       "    </tr>\n",
       "  </thead>\n",
       "  <tbody>\n",
       "    <tr>\n",
       "      <th>0</th>\n",
       "      <td>40</td>\n",
       "      <td>Male</td>\n",
       "      <td>No</td>\n",
       "      <td>Yes</td>\n",
       "      <td>No</td>\n",
       "      <td>Yes</td>\n",
       "      <td>No</td>\n",
       "      <td>No</td>\n",
       "      <td>No</td>\n",
       "      <td>Yes</td>\n",
       "      <td>No</td>\n",
       "      <td>Yes</td>\n",
       "      <td>No</td>\n",
       "      <td>Yes</td>\n",
       "      <td>Yes</td>\n",
       "      <td>Yes</td>\n",
       "      <td>Positive</td>\n",
       "    </tr>\n",
       "    <tr>\n",
       "      <th>1</th>\n",
       "      <td>58</td>\n",
       "      <td>Male</td>\n",
       "      <td>No</td>\n",
       "      <td>No</td>\n",
       "      <td>No</td>\n",
       "      <td>Yes</td>\n",
       "      <td>No</td>\n",
       "      <td>No</td>\n",
       "      <td>Yes</td>\n",
       "      <td>No</td>\n",
       "      <td>No</td>\n",
       "      <td>No</td>\n",
       "      <td>Yes</td>\n",
       "      <td>No</td>\n",
       "      <td>Yes</td>\n",
       "      <td>No</td>\n",
       "      <td>Positive</td>\n",
       "    </tr>\n",
       "    <tr>\n",
       "      <th>2</th>\n",
       "      <td>41</td>\n",
       "      <td>Male</td>\n",
       "      <td>Yes</td>\n",
       "      <td>No</td>\n",
       "      <td>No</td>\n",
       "      <td>Yes</td>\n",
       "      <td>Yes</td>\n",
       "      <td>No</td>\n",
       "      <td>No</td>\n",
       "      <td>Yes</td>\n",
       "      <td>No</td>\n",
       "      <td>Yes</td>\n",
       "      <td>No</td>\n",
       "      <td>Yes</td>\n",
       "      <td>Yes</td>\n",
       "      <td>No</td>\n",
       "      <td>Positive</td>\n",
       "    </tr>\n",
       "    <tr>\n",
       "      <th>3</th>\n",
       "      <td>45</td>\n",
       "      <td>Male</td>\n",
       "      <td>No</td>\n",
       "      <td>No</td>\n",
       "      <td>Yes</td>\n",
       "      <td>Yes</td>\n",
       "      <td>Yes</td>\n",
       "      <td>Yes</td>\n",
       "      <td>No</td>\n",
       "      <td>Yes</td>\n",
       "      <td>No</td>\n",
       "      <td>Yes</td>\n",
       "      <td>No</td>\n",
       "      <td>No</td>\n",
       "      <td>No</td>\n",
       "      <td>No</td>\n",
       "      <td>Positive</td>\n",
       "    </tr>\n",
       "    <tr>\n",
       "      <th>4</th>\n",
       "      <td>60</td>\n",
       "      <td>Male</td>\n",
       "      <td>Yes</td>\n",
       "      <td>Yes</td>\n",
       "      <td>Yes</td>\n",
       "      <td>Yes</td>\n",
       "      <td>Yes</td>\n",
       "      <td>No</td>\n",
       "      <td>Yes</td>\n",
       "      <td>Yes</td>\n",
       "      <td>Yes</td>\n",
       "      <td>Yes</td>\n",
       "      <td>Yes</td>\n",
       "      <td>Yes</td>\n",
       "      <td>Yes</td>\n",
       "      <td>Yes</td>\n",
       "      <td>Positive</td>\n",
       "    </tr>\n",
       "    <tr>\n",
       "      <th>...</th>\n",
       "      <td>...</td>\n",
       "      <td>...</td>\n",
       "      <td>...</td>\n",
       "      <td>...</td>\n",
       "      <td>...</td>\n",
       "      <td>...</td>\n",
       "      <td>...</td>\n",
       "      <td>...</td>\n",
       "      <td>...</td>\n",
       "      <td>...</td>\n",
       "      <td>...</td>\n",
       "      <td>...</td>\n",
       "      <td>...</td>\n",
       "      <td>...</td>\n",
       "      <td>...</td>\n",
       "      <td>...</td>\n",
       "      <td>...</td>\n",
       "    </tr>\n",
       "    <tr>\n",
       "      <th>515</th>\n",
       "      <td>39</td>\n",
       "      <td>Female</td>\n",
       "      <td>Yes</td>\n",
       "      <td>Yes</td>\n",
       "      <td>Yes</td>\n",
       "      <td>No</td>\n",
       "      <td>Yes</td>\n",
       "      <td>No</td>\n",
       "      <td>No</td>\n",
       "      <td>Yes</td>\n",
       "      <td>No</td>\n",
       "      <td>Yes</td>\n",
       "      <td>Yes</td>\n",
       "      <td>No</td>\n",
       "      <td>No</td>\n",
       "      <td>No</td>\n",
       "      <td>Positive</td>\n",
       "    </tr>\n",
       "    <tr>\n",
       "      <th>516</th>\n",
       "      <td>48</td>\n",
       "      <td>Female</td>\n",
       "      <td>Yes</td>\n",
       "      <td>Yes</td>\n",
       "      <td>Yes</td>\n",
       "      <td>Yes</td>\n",
       "      <td>Yes</td>\n",
       "      <td>No</td>\n",
       "      <td>No</td>\n",
       "      <td>Yes</td>\n",
       "      <td>Yes</td>\n",
       "      <td>Yes</td>\n",
       "      <td>Yes</td>\n",
       "      <td>No</td>\n",
       "      <td>No</td>\n",
       "      <td>No</td>\n",
       "      <td>Positive</td>\n",
       "    </tr>\n",
       "    <tr>\n",
       "      <th>517</th>\n",
       "      <td>58</td>\n",
       "      <td>Female</td>\n",
       "      <td>Yes</td>\n",
       "      <td>Yes</td>\n",
       "      <td>Yes</td>\n",
       "      <td>Yes</td>\n",
       "      <td>Yes</td>\n",
       "      <td>No</td>\n",
       "      <td>Yes</td>\n",
       "      <td>No</td>\n",
       "      <td>No</td>\n",
       "      <td>No</td>\n",
       "      <td>Yes</td>\n",
       "      <td>Yes</td>\n",
       "      <td>No</td>\n",
       "      <td>Yes</td>\n",
       "      <td>Positive</td>\n",
       "    </tr>\n",
       "    <tr>\n",
       "      <th>518</th>\n",
       "      <td>32</td>\n",
       "      <td>Female</td>\n",
       "      <td>No</td>\n",
       "      <td>No</td>\n",
       "      <td>No</td>\n",
       "      <td>Yes</td>\n",
       "      <td>No</td>\n",
       "      <td>No</td>\n",
       "      <td>Yes</td>\n",
       "      <td>Yes</td>\n",
       "      <td>No</td>\n",
       "      <td>Yes</td>\n",
       "      <td>No</td>\n",
       "      <td>No</td>\n",
       "      <td>Yes</td>\n",
       "      <td>No</td>\n",
       "      <td>Negative</td>\n",
       "    </tr>\n",
       "    <tr>\n",
       "      <th>519</th>\n",
       "      <td>42</td>\n",
       "      <td>Male</td>\n",
       "      <td>No</td>\n",
       "      <td>No</td>\n",
       "      <td>No</td>\n",
       "      <td>No</td>\n",
       "      <td>No</td>\n",
       "      <td>No</td>\n",
       "      <td>No</td>\n",
       "      <td>No</td>\n",
       "      <td>No</td>\n",
       "      <td>No</td>\n",
       "      <td>No</td>\n",
       "      <td>No</td>\n",
       "      <td>No</td>\n",
       "      <td>No</td>\n",
       "      <td>Negative</td>\n",
       "    </tr>\n",
       "  </tbody>\n",
       "</table>\n",
       "<p>520 rows × 17 columns</p>\n",
       "</div>"
      ],
      "text/plain": [
       "     Age  Gender Polyuria Polydipsia sudden weight loss weakness Polyphagia  \\\n",
       "0     40    Male       No        Yes                 No      Yes         No   \n",
       "1     58    Male       No         No                 No      Yes         No   \n",
       "2     41    Male      Yes         No                 No      Yes        Yes   \n",
       "3     45    Male       No         No                Yes      Yes        Yes   \n",
       "4     60    Male      Yes        Yes                Yes      Yes        Yes   \n",
       "..   ...     ...      ...        ...                ...      ...        ...   \n",
       "515   39  Female      Yes        Yes                Yes       No        Yes   \n",
       "516   48  Female      Yes        Yes                Yes      Yes        Yes   \n",
       "517   58  Female      Yes        Yes                Yes      Yes        Yes   \n",
       "518   32  Female       No         No                 No      Yes         No   \n",
       "519   42    Male       No         No                 No       No         No   \n",
       "\n",
       "    Genital thrush visual blurring Itching Irritability delayed healing  \\\n",
       "0               No              No     Yes           No             Yes   \n",
       "1               No             Yes      No           No              No   \n",
       "2               No              No     Yes           No             Yes   \n",
       "3              Yes              No     Yes           No             Yes   \n",
       "4               No             Yes     Yes          Yes             Yes   \n",
       "..             ...             ...     ...          ...             ...   \n",
       "515             No              No     Yes           No             Yes   \n",
       "516             No              No     Yes          Yes             Yes   \n",
       "517             No             Yes      No           No              No   \n",
       "518             No             Yes     Yes           No             Yes   \n",
       "519             No              No      No           No              No   \n",
       "\n",
       "    partial paresis muscle stiffness Alopecia Obesity     class  \n",
       "0                No              Yes      Yes     Yes  Positive  \n",
       "1               Yes               No      Yes      No  Positive  \n",
       "2                No              Yes      Yes      No  Positive  \n",
       "3                No               No       No      No  Positive  \n",
       "4               Yes              Yes      Yes     Yes  Positive  \n",
       "..              ...              ...      ...     ...       ...  \n",
       "515             Yes               No       No      No  Positive  \n",
       "516             Yes               No       No      No  Positive  \n",
       "517             Yes              Yes       No     Yes  Positive  \n",
       "518              No               No      Yes      No  Negative  \n",
       "519              No               No       No      No  Negative  \n",
       "\n",
       "[520 rows x 17 columns]"
      ]
     },
     "execution_count": 4,
     "metadata": {},
     "output_type": "execute_result"
    }
   ],
   "source": [
    "# NOTE: DO NOT CHANGE THE VARIABLE NAME(S) IN THIS CELL\n",
    "# Load the data\n",
    "data = pd.read_csv('data/diabetes_data.csv')\n",
    "data"
   ]
  },
  {
   "cell_type": "code",
   "execution_count": 5,
   "metadata": {},
   "outputs": [
    {
     "data": {
      "text/html": [
       "<div>\n",
       "<style scoped>\n",
       "    .dataframe tbody tr th:only-of-type {\n",
       "        vertical-align: middle;\n",
       "    }\n",
       "\n",
       "    .dataframe tbody tr th {\n",
       "        vertical-align: top;\n",
       "    }\n",
       "\n",
       "    .dataframe thead th {\n",
       "        text-align: right;\n",
       "    }\n",
       "</style>\n",
       "<table border=\"1\" class=\"dataframe\">\n",
       "  <thead>\n",
       "    <tr style=\"text-align: right;\">\n",
       "      <th></th>\n",
       "      <th>Age</th>\n",
       "      <th>Gender</th>\n",
       "      <th>Polyuria</th>\n",
       "      <th>Polydipsia</th>\n",
       "      <th>sudden weight loss</th>\n",
       "      <th>weakness</th>\n",
       "      <th>Polyphagia</th>\n",
       "      <th>Genital thrush</th>\n",
       "      <th>visual blurring</th>\n",
       "      <th>Itching</th>\n",
       "      <th>Irritability</th>\n",
       "      <th>delayed healing</th>\n",
       "      <th>partial paresis</th>\n",
       "      <th>muscle stiffness</th>\n",
       "      <th>Alopecia</th>\n",
       "      <th>Obesity</th>\n",
       "      <th>class</th>\n",
       "    </tr>\n",
       "  </thead>\n",
       "  <tbody>\n",
       "    <tr>\n",
       "      <th>0</th>\n",
       "      <td>40</td>\n",
       "      <td>Male</td>\n",
       "      <td>No</td>\n",
       "      <td>Yes</td>\n",
       "      <td>No</td>\n",
       "      <td>Yes</td>\n",
       "      <td>No</td>\n",
       "      <td>No</td>\n",
       "      <td>No</td>\n",
       "      <td>Yes</td>\n",
       "      <td>No</td>\n",
       "      <td>Yes</td>\n",
       "      <td>No</td>\n",
       "      <td>Yes</td>\n",
       "      <td>Yes</td>\n",
       "      <td>Yes</td>\n",
       "      <td>Positive</td>\n",
       "    </tr>\n",
       "    <tr>\n",
       "      <th>1</th>\n",
       "      <td>58</td>\n",
       "      <td>Male</td>\n",
       "      <td>No</td>\n",
       "      <td>No</td>\n",
       "      <td>No</td>\n",
       "      <td>Yes</td>\n",
       "      <td>No</td>\n",
       "      <td>No</td>\n",
       "      <td>Yes</td>\n",
       "      <td>No</td>\n",
       "      <td>No</td>\n",
       "      <td>No</td>\n",
       "      <td>Yes</td>\n",
       "      <td>No</td>\n",
       "      <td>Yes</td>\n",
       "      <td>No</td>\n",
       "      <td>Positive</td>\n",
       "    </tr>\n",
       "    <tr>\n",
       "      <th>2</th>\n",
       "      <td>41</td>\n",
       "      <td>Male</td>\n",
       "      <td>Yes</td>\n",
       "      <td>No</td>\n",
       "      <td>No</td>\n",
       "      <td>Yes</td>\n",
       "      <td>Yes</td>\n",
       "      <td>No</td>\n",
       "      <td>No</td>\n",
       "      <td>Yes</td>\n",
       "      <td>No</td>\n",
       "      <td>Yes</td>\n",
       "      <td>No</td>\n",
       "      <td>Yes</td>\n",
       "      <td>Yes</td>\n",
       "      <td>No</td>\n",
       "      <td>Positive</td>\n",
       "    </tr>\n",
       "    <tr>\n",
       "      <th>3</th>\n",
       "      <td>45</td>\n",
       "      <td>Male</td>\n",
       "      <td>No</td>\n",
       "      <td>No</td>\n",
       "      <td>Yes</td>\n",
       "      <td>Yes</td>\n",
       "      <td>Yes</td>\n",
       "      <td>Yes</td>\n",
       "      <td>No</td>\n",
       "      <td>Yes</td>\n",
       "      <td>No</td>\n",
       "      <td>Yes</td>\n",
       "      <td>No</td>\n",
       "      <td>No</td>\n",
       "      <td>No</td>\n",
       "      <td>No</td>\n",
       "      <td>Positive</td>\n",
       "    </tr>\n",
       "    <tr>\n",
       "      <th>4</th>\n",
       "      <td>60</td>\n",
       "      <td>Male</td>\n",
       "      <td>Yes</td>\n",
       "      <td>Yes</td>\n",
       "      <td>Yes</td>\n",
       "      <td>Yes</td>\n",
       "      <td>Yes</td>\n",
       "      <td>No</td>\n",
       "      <td>Yes</td>\n",
       "      <td>Yes</td>\n",
       "      <td>Yes</td>\n",
       "      <td>Yes</td>\n",
       "      <td>Yes</td>\n",
       "      <td>Yes</td>\n",
       "      <td>Yes</td>\n",
       "      <td>Yes</td>\n",
       "      <td>Positive</td>\n",
       "    </tr>\n",
       "  </tbody>\n",
       "</table>\n",
       "</div>"
      ],
      "text/plain": [
       "   Age Gender Polyuria Polydipsia sudden weight loss weakness Polyphagia  \\\n",
       "0   40   Male       No        Yes                 No      Yes         No   \n",
       "1   58   Male       No         No                 No      Yes         No   \n",
       "2   41   Male      Yes         No                 No      Yes        Yes   \n",
       "3   45   Male       No         No                Yes      Yes        Yes   \n",
       "4   60   Male      Yes        Yes                Yes      Yes        Yes   \n",
       "\n",
       "  Genital thrush visual blurring Itching Irritability delayed healing  \\\n",
       "0             No              No     Yes           No             Yes   \n",
       "1             No             Yes      No           No              No   \n",
       "2             No              No     Yes           No             Yes   \n",
       "3            Yes              No     Yes           No             Yes   \n",
       "4             No             Yes     Yes          Yes             Yes   \n",
       "\n",
       "  partial paresis muscle stiffness Alopecia Obesity     class  \n",
       "0              No              Yes      Yes     Yes  Positive  \n",
       "1             Yes               No      Yes      No  Positive  \n",
       "2              No              Yes      Yes      No  Positive  \n",
       "3              No               No       No      No  Positive  \n",
       "4             Yes              Yes      Yes     Yes  Positive  "
      ]
     },
     "execution_count": 5,
     "metadata": {},
     "output_type": "execute_result"
    }
   ],
   "source": [
    "data.head(5)"
   ]
  },
  {
   "cell_type": "code",
   "execution_count": 6,
   "metadata": {},
   "outputs": [
    {
     "data": {
      "text/html": [
       "<div>\n",
       "<style scoped>\n",
       "    .dataframe tbody tr th:only-of-type {\n",
       "        vertical-align: middle;\n",
       "    }\n",
       "\n",
       "    .dataframe tbody tr th {\n",
       "        vertical-align: top;\n",
       "    }\n",
       "\n",
       "    .dataframe thead th {\n",
       "        text-align: right;\n",
       "    }\n",
       "</style>\n",
       "<table border=\"1\" class=\"dataframe\">\n",
       "  <thead>\n",
       "    <tr style=\"text-align: right;\">\n",
       "      <th></th>\n",
       "      <th>Age</th>\n",
       "      <th>Gender</th>\n",
       "      <th>Polyuria</th>\n",
       "      <th>Polydipsia</th>\n",
       "      <th>sudden weight loss</th>\n",
       "      <th>weakness</th>\n",
       "      <th>Polyphagia</th>\n",
       "      <th>Genital thrush</th>\n",
       "      <th>visual blurring</th>\n",
       "      <th>Itching</th>\n",
       "      <th>Irritability</th>\n",
       "      <th>delayed healing</th>\n",
       "      <th>partial paresis</th>\n",
       "      <th>muscle stiffness</th>\n",
       "      <th>Alopecia</th>\n",
       "      <th>Obesity</th>\n",
       "      <th>class</th>\n",
       "    </tr>\n",
       "  </thead>\n",
       "  <tbody>\n",
       "    <tr>\n",
       "      <th>515</th>\n",
       "      <td>39</td>\n",
       "      <td>Female</td>\n",
       "      <td>Yes</td>\n",
       "      <td>Yes</td>\n",
       "      <td>Yes</td>\n",
       "      <td>No</td>\n",
       "      <td>Yes</td>\n",
       "      <td>No</td>\n",
       "      <td>No</td>\n",
       "      <td>Yes</td>\n",
       "      <td>No</td>\n",
       "      <td>Yes</td>\n",
       "      <td>Yes</td>\n",
       "      <td>No</td>\n",
       "      <td>No</td>\n",
       "      <td>No</td>\n",
       "      <td>Positive</td>\n",
       "    </tr>\n",
       "    <tr>\n",
       "      <th>516</th>\n",
       "      <td>48</td>\n",
       "      <td>Female</td>\n",
       "      <td>Yes</td>\n",
       "      <td>Yes</td>\n",
       "      <td>Yes</td>\n",
       "      <td>Yes</td>\n",
       "      <td>Yes</td>\n",
       "      <td>No</td>\n",
       "      <td>No</td>\n",
       "      <td>Yes</td>\n",
       "      <td>Yes</td>\n",
       "      <td>Yes</td>\n",
       "      <td>Yes</td>\n",
       "      <td>No</td>\n",
       "      <td>No</td>\n",
       "      <td>No</td>\n",
       "      <td>Positive</td>\n",
       "    </tr>\n",
       "    <tr>\n",
       "      <th>517</th>\n",
       "      <td>58</td>\n",
       "      <td>Female</td>\n",
       "      <td>Yes</td>\n",
       "      <td>Yes</td>\n",
       "      <td>Yes</td>\n",
       "      <td>Yes</td>\n",
       "      <td>Yes</td>\n",
       "      <td>No</td>\n",
       "      <td>Yes</td>\n",
       "      <td>No</td>\n",
       "      <td>No</td>\n",
       "      <td>No</td>\n",
       "      <td>Yes</td>\n",
       "      <td>Yes</td>\n",
       "      <td>No</td>\n",
       "      <td>Yes</td>\n",
       "      <td>Positive</td>\n",
       "    </tr>\n",
       "    <tr>\n",
       "      <th>518</th>\n",
       "      <td>32</td>\n",
       "      <td>Female</td>\n",
       "      <td>No</td>\n",
       "      <td>No</td>\n",
       "      <td>No</td>\n",
       "      <td>Yes</td>\n",
       "      <td>No</td>\n",
       "      <td>No</td>\n",
       "      <td>Yes</td>\n",
       "      <td>Yes</td>\n",
       "      <td>No</td>\n",
       "      <td>Yes</td>\n",
